x
33.5983956933435
33.6172214473163
31.9049096515681
38.7909668534766
35.7638998552333
38.4081552891459
33.4000336756855
27.3111687526308
31.8507962794878
37.7654674713359
30.3892352884932
37.5849080021581
39.9005319822311
37.8374976505434
36.1609791922445
30.7367958415818
35.5712202109381
34.7036463162283
39.4747197566206
38.235774450191
30.5330560542442
36.1756892808532
31.0460123092495
36.6348838440151
35.1177314203006
31.7801513511991
45.3474648543417
30.7672236494604
32.1385595614489
36.8535223539655
36.3555698555802
34.482936963346
28.9078726291527
37.05805861793
35.477704354764
41.0581070019428
32.3556673477997
40.0597149313856
35.271545556104
41.2527250802229
40.4649019087465
38.7685840576457
38.3858236891582
41.147451648713
34.2553154861929
34.0309971970471
35.6123220440517
33.6046181227002
39.3358533436178
40.7830998452816
35.6383219895793
29.142745257748
35.2182607997951
26.1975681106514
33.7411871991069
27.7943851121656
46.9893902397511
28.5518875699981
31.8086566325745
35.174072026287
29.5302638971686
36.5663234661168
38.8865024543904
36.1536092086783
34.4445905540398
33.1623207572689
37.911804180508
37.8796816998122
35.8751711348838
36.0158169535078
39.2296074327137
34.7983493956922
31.8313031929588
41.6801987674473
33.2327961040472
41.191633986786
37.5010000988814
36.455341901635
31.9798288636386
34.0493955949466
36.462063230774
28.6236561643385
42.2055407448186
36.0480118154569
43.2192331391484
32.4015474737642
32.9213345950997
33.4443330116441
29.9431458350543
38.2288225913514
42.4951963835789
33.1526896025218
33.5436206862678
39.5815394603653
29.6237937056464
40.3819590434465
31.1870200252052
40.0274044750573
34.5412976535628
31.0211687923296
